300,1271
300,1217
300,1293
300,1145
300,1024
300,1273
300,1250
300,1207
300,1007
300,1292
300,1293
300,1280
300,1280
300,1076
300,1239
300,1167
1271,1217
1271,1293
1271,1145
1271,1024
1271,1273
1271,1250
1271,1207
1271,1007
1271,1292
1271,1293
1271,1280
1271,1280
1271,1076
1271,1239
1271,1167
1217,1293
1217,1145
1217,1024
1217,1273
1217,1250
1217,1207
1217,1007
1217,1292
1217,1293
1217,1280
1217,1280
1217,1076
1217,1239
1217,1167
1293,1145
1293,1024
1293,1273
1293,1250
1293,1207
1293,1007
1293,1292
1293,1293
1293,1280
1293,1280
1293,1076
1293,1239
1293,1167
1145,1024
1145,1273
1145,1250
1145,1207
1145,1007
1145,1292
1145,1293
1145,1280
1145,1280
1145,1076
1145,1239
1145,1167
1024,1273
1024,1250
1024,1207
1024,1007
1024,1292
1024,1293
1024,1280
1024,1280
1024,1076
1024,1239
1024,1167
1273,1250
1273,1207
1273,1007
1273,1292
1273,1293
1273,1280
1273,1280
1273,1076
1273,1239
1273,1167
1250,1207
1250,1007
1250,1292
1250,1293
1250,1280
1250,1280
1250,1076
1250,1239
1250,1167
1207,1007
1207,1292
1207,1293
1207,1280
1207,1280
1207,1076
1207,1239
1207,1167
1007,1292
1007,1293
1007,1280
1007,1280
1007,1076
1007,1239
1007,1167
1292,1293
1292,1280
1292,1280
1292,1076
1292,1239
1292,1167
1293,1280
1293,1280
1293,1076
1293,1239
1293,1167
1280,1280
1280,1076
1280,1239
1280,1167
1280,1076
1280,1239
1280,1167
1076,1239
1076,1167
1239,1167
686,1062
686,1307
686,1282
686,1496
686,1270
686,1282
686,1260
686,1243
686,1037
686,1030
686,1273
686,1007
686,1253
686,1268
686,1790
686,1281
686,1415
686,1207
686,1132
686,1210
686,1232
1062,1307
1062,1282
1062,1496
1062,1270
1062,1282
1062,1260
1062,1243
1062,1037
1062,1030
1062,1273
1062,1007
1062,1253
1062,1268
1062,1790
1062,1281
1062,1415
1062,1207
1062,1132
1062,1210
1062,1232
1307,1282
1307,1496
1307,1270
1307,1282
1307,1260
1307,1243
1307,1037
1307,1030
1307,1273
1307,1007
1307,1253
1307,1268
1307,1790
1307,1281
1307,1415
1307,1207
1307,1132
1307,1210
1307,1232
1282,1496
1282,1270
1282,1282
1282,1260
1282,1243
1282,1037
1282,1030
1282,1273
1282,1007
1282,1253
1282,1268
1282,1790
1282,1281
1282,1415
1282,1207
1282,1132
1282,1210
1282,1232
1496,1270
1496,1282
1496,1260
1496,1243
1496,1037
1496,1030
1496,1273
1496,1007
1496,1253
1496,1268
1496,1790
1496,1281
1496,1415
1496,1207
1496,1132
1496,1210
1496,1232
1270,1282
1270,1260
1270,1243
1270,1037
1270,1030
1270,1273
1270,1007
1270,1253
1270,1268
1270,1790
1270,1281
1270,1415
1270,1207
1270,1132
1270,1210
1270,1232
1282,1260
1282,1243
1282,1037
1282,1030
1282,1273
1282,1007
1282,1253
1282,1268
1282,1790
1282,1281
1282,1415
1282,1207
1282,1132
1282,1210
1282,1232
1260,1243
1260,1037
1260,1030
1260,1273
1260,1007
1260,1253
1260,1268
1260,1790
1260,1281
1260,1415
1260,1207
1260,1132
1260,1210
1260,1232
1243,1037
1243,1030
1243,1273
1243,1007
1243,1253
1243,1268
1243,1790
1243,1281
1243,1415
1243,1207
1243,1132
1243,1210
1243,1232
1037,1030
1037,1273
1037,1007
1037,1253
1037,1268
1037,1790
1037,1281
1037,1415
1037,1207
1037,1132
1037,1210
1037,1232
1030,1273
1030,1007
1030,1253
1030,1268
1030,1790
1030,1281
1030,1415
1030,1207
1030,1132
1030,1210
1030,1232
1273,1007
1273,1253
1273,1268
1273,1790
1273,1281
1273,1415
1273,1207
1273,1132
1273,1210
1273,1232
1007,1253
1007,1268
1007,1790
1007,1281
1007,1415
1007,1207
1007,1132
1007,1210
1007,1232
1253,1268
1253,1790
1253,1281
1253,1415
1253,1207
1253,1132
1253,1210
1253,1232
1268,1790
1268,1281
1268,1415
1268,1207
1268,1132
1268,1210
1268,1232
1790,1281
1790,1415
1790,1207
1790,1132
1790,1210
1790,1232
1281,1415
1281,1207
1281,1132
1281,1210
1281,1232
1415,1207
1415,1132
1415,1210
1415,1232
1207,1132
1207,1210
1207,1232
1132,1210
1132,1232
1210,1232
1405,212
1405,1667
1405,1341
1405,1355
1405,1057
1405,1222
1405,1201
1405,1331
1405,1285
1405,1259
1405,1286
1405,1117
1405,1174
1405,1249
1405,1254
1405,1265
1405,1276
1405,1327
1405,1282
1405,1273
1405,1277
212,1667
212,1341
212,1355
212,1057
212,1222
212,1201
212,1331
212,1285
212,1259
212,1286
212,1117
212,1174
212,1249
212,1254
212,1265
212,1276
212,1327
212,1282
212,1273
212,1277
1667,1341
1667,1355
1667,1057
1667,1222
1667,1201
1667,1331
1667,1285
1667,1259
1667,1286
1667,1117
1667,1174
1667,1249
1667,1254
1667,1265
1667,1276
1667,1327
1667,1282
1667,1273
1667,1277
1341,1355
1341,1057
1341,1222
1341,1201
1341,1331
1341,1285
1341,1259
1341,1286
1341,1117
1341,1174
1341,1249
1341,1254
1341,1265
1341,1276
1341,1327
1341,1282
1341,1273
1341,1277
1355,1057
1355,1222
1355,1201
1355,1331
1355,1285
1355,1259
1355,1286
1355,1117
1355,1174
1355,1249
1355,1254
1355,1265
1355,1276
1355,1327
1355,1282
1355,1273
1355,1277
1057,1222
1057,1201
1057,1331
1057,1285
1057,1259
1057,1286
1057,1117
1057,1174
1057,1249
1057,1254
1057,1265
1057,1276
1057,1327
1057,1282
1057,1273
1057,1277
1222,1201
1222,1331
1222,1285
1222,1259
1222,1286
1222,1117
1222,1174
1222,1249
1222,1254
1222,1265
1222,1276
1222,1327
1222,1282
1222,1273
1222,1277
1201,1331
1201,1285
1201,1259
1201,1286
1201,1117
1201,1174
1201,1249
1201,1254
1201,1265
1201,1276
1201,1327
1201,1282
1201,1273
1201,1277
1331,1285
1331,1259
1331,1286
1331,1117
1331,1174
1331,1249
1331,1254
1331,1265
1331,1276
1331,1327
1331,1282
1331,1273
1331,1277
1285,1259
1285,1286
1285,1117
1285,1174
1285,1249
1285,1254
1285,1265
1285,1276
1285,1327
1285,1282
1285,1273
1285,1277
1259,1286
1259,1117
1259,1174
1259,1249
1259,1254
1259,1265
1259,1276
1259,1327
1259,1282
1259,1273
1259,1277
1286,1117
1286,1174
1286,1249
1286,1254
1286,1265
1286,1276
1286,1327
1286,1282
1286,1273
1286,1277
1117,1174
1117,1249
1117,1254
1117,1265
1117,1276
1117,1327
1117,1282
1117,1273
1117,1277
1174,1249
1174,1254
1174,1265
1174,1276
1174,1327
1174,1282
1174,1273
1174,1277
1249,1254
1249,1265
1249,1276
1249,1327
1249,1282
1249,1273
1249,1277
1254,1265
1254,1276
1254,1327
1254,1282
1254,1273
1254,1277
1265,1276
1265,1327
1265,1282
1265,1273
1265,1277
1276,1327
1276,1282
1276,1273
1276,1277
1327,1282
1327,1273
1327,1277
1282,1273
1282,1277
1273,1277
335,816
335,1243
335,1260
335,1363
335,1219
335,1114
335,1307
335,1023
335,1427
335,1231
335,1274
335,1098
335,1043
335,1145
335,1199
335,1070
335,1448
335,1519
816,1243
816,1260
816,1363
816,1219
816,1114
816,1307
816,1023
816,1427
816,1231
816,1274
816,1098
816,1043
816,1145
816,1199
816,1070
816,1448
816,1519
1243,1260
1243,1363
1243,1219
1243,1114
1243,1307
1243,1023
1243,1427
1243,1231
1243,1274
1243,1098
1243,1043
1243,1145
1243,1199
1243,1070
1243,1448
1243,1519
1260,1363
1260,1219
1260,1114
1260,1307
1260,1023
1260,1427
1260,1231
1260,1274
1260,1098
1260,1043
1260,1145
1260,1199
1260,1070
1260,1448
1260,1519
1363,1219
1363,1114
1363,1307
1363,1023
1363,1427
1363,1231
1363,1274
1363,1098
1363,1043
1363,1145
1363,1199
1363,1070
1363,1448
1363,1519
1219,1114
1219,1307
1219,1023
1219,1427
1219,1231
1219,1274
1219,1098
1219,1043
1219,1145
1219,1199
1219,1070
1219,1448
1219,1519
1114,1307
1114,1023
1114,1427
1114,1231
1114,1274
1114,1098
1114,1043
1114,1145
1114,1199
1114,1070
1114,1448
1114,1519
1307,1023
1307,1427
1307,1231
1307,1274
1307,1098
1307,1043
1307,1145
1307,1199
1307,1070
1307,1448
1307,1519
1023,1427
1023,1231
1023,1274
1023,1098
1023,1043
1023,1145
1023,1199
1023,1070
1023,1448
1023,1519
1427,1231
1427,1274
1427,1098
1427,1043
1427,1145
1427,1199
1427,1070
1427,1448
1427,1519
1231,1274
1231,1098
1231,1043
1231,1145
1231,1199
1231,1070
1231,1448
1231,1519
1274,1098
1274,1043
1274,1145
1274,1199
1274,1070
1274,1448
1274,1519
1098,1043
1098,1145
1098,1199
1098,1070
1098,1448
1098,1519
1043,1145
1043,1199
1043,1070
1043,1448
1043,1519
1145,1199
1145,1070
1145,1448
1145,1519
1199,1070
1199,1448
1199,1519
1070,1448
1070,1519
1448,1519
899,243
899,1270
899,1228
899,1521
899,1294
899,1622
899,1548
899,1325
243,1270
243,1228
243,1521
243,1294
243,1622
243,1548
243,1325
1270,1228
1270,1521
1270,1294
1270,1622
1270,1548
1270,1325
1228,1521
1228,1294
1228,1622
1228,1548
1228,1325
1521,1294
1521,1622
1521,1548
1521,1325
1294,1622
1294,1548
1294,1325
1622,1548
1622,1325
1548,1325
